591
823
1130
332
613
292
321
317
882
528
873
1027
925
556
2437
210
705
829
523
868
1070
909
1169
779
278
650
972
564
293
611
493
2353
971
262
1040
2623
269
560
586
2252
996
907
279
631
2113
785
348
1048
921
296
975
254
790
298
4154
468
305
1272
420
351
276
309
303
250
512
549
243
571
789
349
911
501
3402
299
948
1390
1952
312
1543
797
437
339
222
836
315
871
503
1101
256
587
445
656
810
266
757
644
1518
323
202
663
324
257
1060
947
686
270
271
427
392
1132
800
408
1173
600
312
829
244
745
481
809
286
820
648
689
529
358
213
284
494
671
619
816
3368
998
258
363
259
767
981
1177
984
667
379
687
730
794
110
351
227
724
1080
375
309
271
771
784
844
698
1114
718
1099
589
350
284
4196
599
174
587
859
755
329
1131
281
778
743
1047
456
476
930
327
55
1030
1205
303
310
252
354
775
867
632
224
1034
982
910
792
1145
720
947
371
914
347
801
2997
1135
555
272
2202
231
792
606
798
533
818
522
373
901
1103
1280
1115
417
352
308
516
958
542
1177
302
372
1169
1102
513
336
1061
902
463
562
648
949
255
277
3041
927
528
413
1021
596
368
750
631
422
628
434
378
1086
281
195
607
982
646
399
812
1062
953
1021
1212
238
2334
538
2259
337
693
727
560
417
225
797
1108
1110
336
764
653
767
230
857
958
278
329
956
904
932
140
227
684
706
282
295
730
288
853
571
596
1506
905
845
292
314
186
674
670
380
687
294
547
969
936
623
804
997
425
2078
1222
291
265
727
326
870
2947
806
269
931
1365
1038
919
1094
725
818
1014
187
713
718
1016
203
915
257
1045
807
864
216
727
546
1067
2057
783
3987
511
302
336
699
735
356
255
494
554
501
910
436
671
464
604
726
697
817
1045
917
908
1142
316
515
686
253
4059
285
981
840
338
922
805
369
879
1166
294
344
723
672
2385
256
982
761
376
685
822
812
828
251
1362
1152
887
2428
1138
308
756
608
961
1035
219
777
1005
1384
1915
976
456
1122
1422
703
771
299
655
955
623
164
582
700
941
994
820
293
377
223
787
833
448
223
549
275
834
265
2279
690
705
2275
407
980
898
701
655
827
237
234
784
725
752
1113
526
4108
825
313
274
291
954
562
268
942
405
394
1043
308
2784
2510
562
318
212
725
698
453
879
957
500
779
299
1197
359
213
249
323
1099
809
336
268
1487
410
451
1485
1324
813
460
331
238
327
472
925
858
263
736
164
753
393
496
847
1109
698
343
853
328
975
832
539
443
398
344
350
1092
305
3073
466
338
944
1011
252
342
349
513
234
1354
615
800
290
809
818
1077
716
511
737
172
372
575
630
505
348
2952
109
596
1281
759
433
978
1132
850
611
633
3730
560
326
962
318
268
678
1406
1032
1160
1213
439
559
1740
585
651
764
244
894
462
554
640
644
372
291
557
339
1094
269
852
908
294
762
1171
584
905
2247
1676
490
895
186
793
739
491
1068
286
283
316
505
722
570
755
625
736
466
1081
596
344
341
593
280
999
1114
314
989
507
316
501
269
1015
675
662
407
1649
637
993
719
1933
747
281
781
851
272
976
1123
831
1062
1184
586
788
332
549
1141
324
400
701
759
1011
508
747
493
322
2001
819
762
758
308
524
3924
694
549
286
860
334
168
1246
1395
2570
2075
308
860
852
635
215
1144
292
698
614
536
286
352
4110
847
1443
898
548
433
420
696
260
985
1261
1340
724
774
293
83
674
545
962
1071
1003
786
763
482
435
679
255
531
240
659
1231
611
657
327
385
1014
881
1102
904
290
1011
934
477
291
374
370
1023
600
1017
259
774
1259
690
279
838
943
192
1122
1151
1400
140
1000
273
826
259
719
810
1334
676
974
1301
1151
1246
865
921
303
722
299
284
306
210
517
557
429
802
546
994
253
1077
349
1498
600
564
303
527
302
328
1592
942
891
560
596
695
1071
393
365
277
248
477
494
395
717
232
1068
479
671
1241
869
1017
246
249
357
969
301
281
306
761
274
544
991
1998
1248
650
270
325
284
2259
720
415
309
251
673
400
258
305
977
1217
356
1630
891
308
438
592
282
1103
2088
1184
219
917
415
937
936
589
786
815
287
433
341
884
952
689
196
1251
288
962
580
387
737
715
235
292
276
709
1172
230
1202
1185
577
680
288
3433
375
917
732
346
233
334
658
587
797
1100
774
972
863
881
1082
1008
1870
748
1116
774
311
703
1136
1033
997
346
842
697
245
566
932
355
791
1163
1162
314
271
563
867
745
770
646
953
317
1043
602
826
669
407
289
847
268
987
811
193
204
597
534
313
748
276
2935
745
360
287
265
2448
334
3829
516
621
257
843
1932
667
610
924
549
1098
623
478
677
277
625
846
1013
677
955
745
294
269
276
307
656
804
843
493
261
653
633
836
1635
3507
1178
1706
290
785
738
257
140
291
732
391
651
861
579
625
2792
82
241
2064
235
966
273
1178
441
641
642
736
800
762
280
310
991
323
592
839
896
634
869
579
309
305
698
1135
423
582
604
507
761
942
1176
266
203
1081
294
262
908
947
356
702
574
649
625
923
835
266
499
558
855
241
911
669
904
273
1077
1009
874
602
487
467
560
907
780
316
220
505
283
244
1013
250
698
641
334
200
377
391
844
777
1144
989
317
692
182
913
931
487
2569
1002
989
771
781
234
831
752
233
469
5257
743
1819
415
249
1114
971
1069
689
716
919
132
390
1092
1159
236
210
365
643
633
493
1043
235
258
685
441
630
2466
495
887
1221
580
595
993
325
2650
1107
370
215
1523
758
1334
768
579
184
773
319
1682
968
1193
831
812
1239
1043
289
290
359
701
592
382
874
4182
736
277
298
284
1032
1112
626
609
957
851
3150
303
687
760
303
781
888
220
536
799
711
764
243
701
1149
606
859
683
298
287
827
370
824
829
678
575
867
1044
798
735
1538
798
735
196
343
272
456
356
1027
831
956
589
1119
934
812
560
638
747
850
844
645
602
675
1058
807
854
1014
1224
656
703
531
566
486
446
331
2680
885
779
1014
258
911
529
713
624
714
289
544
695
295
560
286
2514
660
282
396
490
521
853
1369
2067
352
758
352
2338
561
673
1157
654
641
3022
618
351
601
756
934
1000
979
1063
390
734
916
540
785
549
184
793
1086
784
312
593
971
312
271
509
348
832
995
517
652
564
1247
839
1054
256
123
1004
758
453
272
496
838
1139
971
309
744
1148
407
385
695
618
285
306
977
784
1022
1086
1015
1211
619
932
1104
335
623
386
974
312
288
622
249
798
1257
1102
767
1039
295
625
448
3051
252
714
1145
422
300
1041
289
847
784
318
533
527
302
639
321
838
302
334
645
905
332
290
399
943
460
500
697
866
308
725
903
1018
808
788
78
175
944
437
837
354
432
148
798
1913
296
287
615
909
677
892
490
718
705
1094
513
878
699
586
623
216
909
203
693
261
840
1028
304
580
1025
727
670
1716
266
266
574
274
213
798
981
264
1152
1017
233
344
544
1352
780
841
621
424
723
195
557
965
293
275
977
670
770
1095
1217
977
1237
576
1074
1017
263
1079
842
244
827
1013
724
714
709
296
899
702
710
542
701
695
454
719
159
916
604
424
926
998
950
1102
773
290
878
2255
1377
391
582
1094
1248
2658
1105
440
427
248
916
391
1021
981
577
1292
388
201
1036
260
261
524
1213
263
613
2642
744
716
268
967
306
577
455
620
475
873
643
269
259
837
4551
309
581
93
676
264
935
537
743
693
295
748
255
788
271
538
275
680
444
279
840
3145
268
697
251
522
842
1056
318
753
326
1024
505
1012
603
205
754
306
551
863
751
275
816
874
687
943
739
164
4587
1090
312
704
573
352
485
900
612
1102
234
215
977
1768
346
407
2539
640
609
791
210
1061
1019
350
2008
299
661
1125
1214
1082
771
384
303
502
548
784
275
276
402
757
939
627
885
1023
1082
268
1121
322
754
561
723
654
919
875
334
300
3869
890
689
253
791
733
627
831
425
384
3057
911
663
649
696
981
327
1083
640
927
821
1160
266
1075
276
611
654
325
279
1003
541
667
578
303
918
1068
311
269
216
155
1516
1092
774
251
566
90
1014
418
822
1073
1369
1001
813
344
195
344
935
1059
318
983
187
266
500
295
782
1011
301
430
343
894
976
213
383
316
618
286
753
1994
778
1288
742
556
342
673
285
673
773
833
2893
309
339
1158
685
1181
283
657
607
331
3101
314
307
512
883
312
612
976
1031
459
663
852
339
2114
3652
1079
1083
704
543
196
388
1032
960
239
251
345
2216
377
4080
833
267
262
316
536
672
905
734
313
4084
244
1032
788
247
374
229
905
589
816
654
777
544
121
178
270
3669
234
947
682
696
1601
238
684
333
250
724
332
746
276
809
220
217
772
1771
306
427
808
820
1002
781
480
291
674
792
684
596
307
487
725
199
778
219
871
1121
764
293
865
660
859
855
295
1020
678
311
509
1123
794
310
261
547
2577
1222
522
710
254
879
345
1140
885
150
964
1627
1324
297
562
944
587
291
605
344
471
716
910
274
1085
383
754
564
292
917
517
284
465
1070
725
598
664
262
746
997
1690
1155
289
292
351
1432
722
281
838
776
903
783
750
1103
2312
612
829
260
641
374
963
996
876
450
1088
3238
231
1071
387
306
1013
289
179
203
1272
310
1221
902
317
422
894
320
1965
307
891
593
288
437
316
1245
971
1371
730
1261
1717
348
663
302
1242
125
858
774
780
178
345
164
730
671
315
89
154
1746
813
563
607
624
402
319
413
726
937
3411
690
2294
904
809
1193
547
1291
618
1172
621
497
438
1081
272
287
742
1402
1100
181
639
277
242
1023
832
587
257
878
748
354
775
220
1736
1266
301
837
270
787
790
657
705
991
2020
340
761
277
288
690
977
1120
259
683
655
65
545
650
736
1336
1141
708
305
462
781
311
917
479
781
557
928
225
966
1047
1326
1266
313
548
246
2220
262
1067
578
550
653
846
266
866
1043
1171
565
287
712
307
286
1033
395
536
1259
373
638
809
332
683
473
767
634
145
424
122
1095
994
986
1082
367
962
1036
724
972
365
1758
838
924
579
300
806
507
753
427
858
3373
1153
645
277
758
425
907
717
269
689
892
1186
271
447
532
460
2440
292
915
1034
1115
644
937
292
2928
1063
214
509
556
1981
288
861
782
585
474
615
701
920
569
601
1036
1210
193
374
935
658
276
653
357
838
450
1152
2197
684
898
691
578
542
366
599
1149
120
628
375
401
640
895
697
922
2451
662
653
813
829
326
1303
540
822
503
784
636
398
315
277
324
2829
481
740
806
467
316
401
393
786
181
2358
732
584
816
606
334
270
499
885
841
703
307
1019
310
1504
879
381
740
713
323
862
824
213
644
713
928
677
836
295
638
171
238
507
267
363
307
276
816
602
241
4129
3064
2435
280
283
740
1184
643
806
426
495
571
214
207
1097
881
1138
300
314
1510
430
272
328
145
923
458
342
691
354
1064
1175
182
1043
1007
1919
677
783
856
924
295
298
240
938
345
221
864
735
992
781
1394
328
1086
623
811
508
940
442
768
1123
2952
1212
1056
879
1221
254
948
769
587
200
713
1152
997
1079
1109
510
254
1147
914
1137
1197
827
787
297
297
363
607
868
654
963
656
282
1057
1008
1074
165
1049
301
610
255
371
660
1029
600
501
706
882
2966
796
539
595
229
1268
301
950
281
606
824
122
951
298
606
281
284
740
363
1322
1469
1729
311
248
702
291
297
805
306
950
261
732
896
1190
758
970
1003
997
295
780
411
941
952
596
693
329
615
330
249
504
241
649
1083
876
1821
892
990
600
242
397
228
315
263
706
762
458
272
749
788
505
776
278
309
748
243
716
310
250
830
726
814
1076
887
590
1127
372
959
577
1140
707
726
394
626
249
365
831
249
669
872
246
698
196
755
298
777
507
415
314
686
490
1108
177
241
1088
822
522
290
1089
996
698
374
242
599
588
868
498
983
753
706
189
602
728
1054
255
732
244
382
943
1025
613
443
308
362
361
983
236
1073
1095
307
1652
755
910
427
548
270
540
468
834
842
837
640
1292
1108
1497
849
602
282
1324
581
952
979
364
1038
246
1156
764
630
856
772
286
118
297
271
771
297
313
807
538
641
554
698
297
2160
714
843
381
698
278
798
3981
903
2346
675
285
319
767
712
292
606
142
902
917
307
361
851
394
341
416
592
470
1190
680
745
786
834
661
1220
1139
306
643
592
279
1371
1092
785
3000
686
270
267
621
727
1000
686
798
611
2128
736
929
874
439
314
763
339
1344
1052
646
776
916
587
515
826
361
756
279
412
681
1300
186
452
476
711
566
544
238
204
285
1133
498
1091
391
673
982
586
809
247
272
354
294
529
554
1164
472
635
988
654
1029
843
587
408
634
294
267
828
919
278
705
252
1098
627
162
682
1024
466
640
364
262
858
600
565
514
874
1488
866
424
388
468
522
595
419
960
820
871
549
856
299
559
269
737
313
986
769
294
310
855
332
748
305
142
673
1176
865
313
357
302
1026
894
581
185
1153
3144
814
701
495
306
658
624
365
315
978
811
1115
783
331
370
2681
1043
1162
320
875
901
300
734
1118
339
255
273
260
998
296
702
629
361
531
555
539
877
314
280
569
268
292
584
1157
820
502
387
539
578
679
972
590
277
578
1509
349
211
316
633
2010
323
445
3745
1222
409
1198
512
318
320
305
351
268
1142
281
273
236
970
673
641
722
746
628
3599
630
906
296
659
1035
627
561
415
1145
319
1381
777
882
813
1153
670
425
1045
1104
802
701
1092
378
735
548
532
898
1308
277
2179
353
509
493
216
304
705
2025
1136
924
280
954
1027
925
606
1089
1050
459
863
927
683
234
878
359
1010
943
257
259
959
831
880
266
747
842
896
981
901
307
952
966
1451
831
923
1054
681
553
656
575
1078
1084
977
1151
196
363
408
933
993
983
178
1053
814
237
859
655
526
370
1133
714
732
1142
948
1091
501
815
195
1127
992
1246
883
771
805
3559
1033
202
919
582
1268
230
510
171
1358
1030
990
505
548
770
693
1845
296
1781
1840
1059
626
866
2170
455
589
572
406
300
567
676
546
283
766
982
790
589
1076
1012
301
302
651
3398
278
661
621
698
481
110
335
3226
210
843
752
342
199
3298
968
656
753
279
288
203
860
695
243
276
206
610
282
279
751
284
251
855
676
591
297
774
860
607
2097
293
283
478
315
592
2252
3080
1467
296
661
336
251
343
811
995
786
644
255
874
618
839
609
956
979
1137
374
633
824
263
926
646
191
811
984
1089
1114
777
979
327
1078
1146
573
983
999
1178
481
641
1212
741
608
875
620
717
1017
955
1080
255
1184
217
230
185
215
339
395
925
317
301
351
1005
637
929
744
269
575
608
259
1088
805
1325
625
427
972
823
544
329
582
287
451
1014
250
210
932
551
247
677
341
413
1130
960
935
267
243
384
979
817
347
174
871
278
1115
536
1455
238
1185
753
714
866
372
2062
447
694
1580
278
463
292
261
690
2193
382
2473
336
1055
381
939
3264
529
478
290
1084
1823
806
781
764
781
682
1408
2382
418
272
667
201
865
1938
844
870
2349
325
2719
614
566
340
858
2427
918
222
899
2233
2600
762
1084
311
328
3252
1342
1677
528
542
717
556
314
757
961
1150
1414
232
287
1654
597
972
130
271
370
800
278
171
666
687
887
270
286
734
699
772
521
1122
237
1273
808
941
382
272
659
1126
804
521
564
417
449
888
1079
584
1057
414
350
1011
186
937
3072
1091
288
213
1042
743
261
383
864
749
173
283
294
1018
585
215
945
1120
1404
262
816
529
970
1290
1202
961
457
261
329
314
853
767
1077
908
286
195
233
347
449
641
517
762
823
365
475
408
806
1220
702
320
316
833
1221
347
510
1016
598
1032
1098
3296
1234
800
1093
212
1184
970
286
1007
1165
121
185
613
427
758
1273
1066
869
690
933
279
683
904
267
2471
736
384
299
1639
638
323
1744
848
198
925
298
641
1389
247
732
3388
794
764
784
352
2435
307
293
914
1077
306
1019
770
901
553
205
307
840
788
591
604
746
1024
1080
773
724
309
1029
550
1049
606
311
898
160
297
282
322
675
266
362
682
567
359
794
3091
686
1781
1695
163
2595
541
699
670
1024
1681
547
2395
292
743
966
286
1046
241
414
2467
269
831
613
339
470
981
700
695
949
653
1036
279
610
654
942
811
676
377
907
247
789
3945
295
787
468
686
294
2285
1300
672
956
459
279
234
771
264
799
274
736
303
285
303
295
789
1805
2170
729
710
3249
638
906
668
3101
262
960
704
696
244
995
948
860
548
1089
1726
525
421
678
1074
257
924
243
1059
835
325
435
798
1067
350
2127
622
1154
311
467
303
2877
303
1182
274
1533
769
299
2137
719
727
625
463
1013
336
577
731
724
620
777
896
964
742
1906
1074
1470
899
314
215
848
443
237
589
532
2617
374
330
180
270
910
1042
211
1000
1159
1125
923
2701
469
252
1037
453
583
277
453
918
726
738
558
557
969
1229
740
242
724
875
929
1055
907
878
1013
1393
317
1116
743
1018
283
834
940
731
773
935
962
70
303
654
521
557
656
73
283
2071
297
320
285
436
300
919
871
1050
786
897
492
964
678
265
888
1012
666
629
1579
290
781
287
501
799
579
657
615
545
801
517
173
459
277
271
584
772
904
720
237
3750
568
1083
238
842
383
285
2339
691
646
737
373
267
199
253
476
1113
711
147
595
523
264
284
2394
291
472
327
879
271
200
727
991
299
1177
1657
737
317
838
878
1124
594
356
314
1019
640
574
1075
916
727
266
893
819
247
190
356
359
605
1061
1285
1002
1018
347
296
263
921
333
559
259
1067
712
1146
1073
968
563
178
1034
786
335
1182
561
275
897
471
711
453
660
2143
256
867
957
1004
937
606
1010
288
1089
896
1054
1113
622
1096
326
341
385
1108
711
1063
929
923
983
472
238
983
596
974
955
954
981
1313
948
347
631
894
633
944
851
789
429
710
794
536
231
888
208
759
778
527
830
862
267
835
203
702
903
506
952
4929
726
673
1064
786
342
2778
416
1220
550
229
197
293
367
704
243
308
700
993
1353
939
3347
798
852
540
782
271
1948
555
264
252
899
797
767
714
255
300
879
743
441
620
428
338
619
3926
343
632
932
260
314
310
693
980
326
198
694
625
1067
855
818
1009
900
650
656
288
188
803
260
360
828
744
1018
718
252
872
1177
552
1100
236
942
471
417
1125
201
336
404
1036
254
928
213
420
839
235
994
1286
440
301
315
509
539
658
1076
1162
426
847
654
232
482
542
774
466
347
779
263
1012
1002
281
1045
1102
293
692
270
938
934
277
849
961
258
1073
711
1000
708
701
1168
1358
286
804
1010
841
942
855
899
746
379
952
792
834
486
1392
606
289
3515
852
426
2616
741
361
1266
798
742
478
860
1010
977
483
256
911
1025
332
2977
457
610
1038
1059
3287
614
346
797
670
740
3044
673
456
304
212
722
305
360
2002
956
1215
290
491
302
290
3697
1084
308
1158
317
684
255
641
507
906
481
800
1291
810
318
686
712
546
232
748
741
1099
1839
592
945
800
266
491
597
1155
671
591
915
1097
274
307
285
311
707
268
745
1261
422
278
472
438
362
827
972
1159
262
849
744
832
288
691
1966
240
518
342
676
733
736
516
993
690
240
623
1371
184
322
714
1128
730
181
677
637
2024
871
375
450
1196
699
250
432
847
223
304
561
219
1111
607
1120
875
281
836
286
2271
288
724
818
928
257
1065
605
810
200
987
731
823
488
704
706
672
821
3457
190
486
4015
755
753
813
573
1075
1251
703
1034
300
361
258
823
234
254
1005
525
1202
970
223
744
666
328
278
574
1114
848
269
662
732
658
756
973
755
897
846
423
829
831
873
800
703
276
963
920
260
1035
989
690
1089
752
492
158
1166
333
218
1566
599
808
697
260
803
763
451
1009
529
703
269
942
620
840
247
354
702
419
247
1224
299
708
629
844
531
528
663
1184
267
750
633
221
421
748
919
847
748
776
240
308
830
690
1209
744
604
258
446
1848
734
777
608
1025
1023
280
1134
370
265
282
539
1336
246
518
3085
1547
770
1022
919
323
681
315
1115
942
364
1153
732
244
179
934
660
577
534
261
521
1105
915
244
659
1252
534
797
487
1011
1193
2362
812
291
137
702
236
274
687
1407
898
289
274
528
1248
249
2202
297
578
302
730
259
738
513
1249
280
288
780
255
259
287
816
1484
1143
969
1036
730
1165
507
588
255
1155
2786
331
3661
842
703
343
839
257
932
302
246
695
241
537
528
634
1080
1000
793
759
1152
1057
1349
321
350
739
275
347
3400
389
286
772
882
827
1050
844
768
903
809
829
988
580
214
243
1175
238
617
273
580
1004
243
848
307
1117
654
230
413
2254
1274
766
2489
2585
684
381
296
317
693
258
688
269
909
934
588
804
254
608
370
372
358
468
710
1446
738
800
584
541
3585
255
320
330
1756
987
802
540
597
642
740
811
827
317
975
1016
856
294
255
342
804
627
277
713
1017
321
278
770
885
936
1707
342
770
197
461
922
743
250
383
363
1247
2425
3900
668
1116
705
607
485
269
215
632
202
927
206
273
354
549
713
571
970
368
904
621
664
1018
192
353
208
908
798
677
828
251
237
303
861
718
436
289
680
329
1322
717
707
1099
253
375
593
274
1110
654
282
3591
566
303
834
752
305
306
929
1074
572
621
708
968
327
996
259
228
669
501
308
335
708
799
733
819
906
525
648
181
595
880
353
838
501
298
252
210
366
350
545
3429
858
337
241
383
1181
1066
1066
260
956
279
722
441
894
1090
847
445
285
324
686
2578
887
4010
976
1175
1085
1294
253
1104
618
225
787
940
1100
239
223
661
422
1179
859
1124
995
1729
816
1011
1103
725
302
861
944
205
827
1809
1898
476
338
929
695
929
862
1173
934
566
301
236
3354
221
888
420
649
384
297
1130
1024
997
454
293
707
324
267
1061
274
320
753
1003
302
1141
1023
263
448
283
233
910
762
288
889
773
712
431
261
235
1017
738
866
1308
875
944
2533
1304
792
450
841
798
886
784
255
685
691
687
262
310
275
752
800
857
1057
608
87
728
880
636
958
576
4156
201
512
967
702
503
618
1228
220
733
308
844
499
769
554
1070
840
275
393
146
1010
375
778
676
644
780
932
773
648
922
714
554
275
1002
711
227
555
453
1233
957
198
895
580
1087
429
635
1060
395
949
1294
552
327
535
453
1022
2091
180
1105
1178
952
1307
636
732
1075
410
619
1431
719
1148
194
1245
239
435
842
384
791
816
1708
951
1049
992
720
547
863
729
887
1037
654
342
200
605
675
558
931
943
377
572
1126
709
1212
1321
874
2185
397
327
1046
911
303
337
1060
572
406
1171
271
637
730
393
306
759
740
361
1016
1307
830
1137
335
392
794
877
303
647
335
631
896
765
145
804
741
878
598
451
2184
184
294
355
3493
719
756
2476
693
617
784
279
445
331
907
3353
314
2891
459
415
574
308
3612
308
797
662
1102
112
3396
754
665
650
672
499
435
194
656
342
293
529
300
557
823
662
1037
350
282
959
786
263
292
1004
729
270
578
732
740
557
137
260
883
437
2336
289
4008
687
666
922
607
294
986
286
886
991
667
1189
296
266
1043
350
930
269
925
1061
779
431
568
436
766
660
278
610
638
1203
963
220
299
1099
1107
490
570
656
283
958
878
1006
1035
313
197
547
1156
396
955
352
650
859
750
449
1048
570
1064
608
346
886
541
576
1049
433
1080
1049
1373
858
1153
723
948
638
278
1087
167
561
763
641
234
651
234
879
820
547
347
512
977
914
2188
280
801
304
306
317
847
560
1670
269
228
988
1014
886
320
313
620
2211
306
611
308
320
287
179
1031
666
1765
329
711
279
1043
320
336
1250
307
889
528
339
720
386
478
288
653
861
971
460
640
400
723
268
256
306
321
283
517
820
1100
975
3767
1087
600
2067
765
834
502
937
3277
1297
251
261
584
1395
1566
839
264
1117
746
310
1152
335
265
343
525
752
270
236
262
429
580
1054
628
390
60
390
814
609
229
287
839
1350
794
307
808
864
685
747
728
261
265
887
729
685
818
826
322
276
523
551
701
269
1141
959
856
371
235
272
801
561
937
759
442
606
632
662
806
826
829
284
884
470
812
674
638
571
470
1268
280
923
293
321
811
755
272
566
403
223
275
916
1001
703
867
889
762
777
1136
558
320
715
696
249
943
731
844
1119
285
1187
283
681
555
1177
1109
338
195
691
898
231
249
735
982
476
921
918
995
769
518
1185
901
886
1048
1121
227
1658
384
801
980
901
1106
984
528
345
805
899
761
705
4104
920
541
639
694
292
259
774
181
721
317
747
833
481
554
792
428
505
289
267
942
1344
695
318
686
883
776
602
936
4338
738
319
1383
337
2719
256
714
1805
1121
215
760
252
880
691
274
1178
174
435
655
582
463
718
943
859
1151
753
137
277
420
764
644
289
945
2475
1195
878
290
457
733
281
693
305
2673
311
919
663
285
298
306
636
627
852
315
556
1607
749
226
960
989
364
698
870
821
207
270
635
393
559
659
768
734
906
475
307
277
706
414
286
718
376
391
1397
269
223
314
366
284
206
2844
380
1086
851
715
1045
853
951
777
704
948
268
925
684
589
577
737
374
360
723
765
1090
731
316
1135
1192
631
921
229
691
940
240
297
828
614
571
1067
458
738
1049
261
764
961
1279
222
950
254
255
608
731
1420
571
278
263
216
1151
291
1010
237
303
438
833
1004
1240
2027
435
650
347
262
976
850
656
923
1745
291
250
984
575
848
302
1049
657
1208
879
1030
779
857
2584
679
1049
1049
557
982
281
320
900
1429
374
183
873
999
990
1093
294
1239
306
1126
593
981
1322
870
286
602
556
1059
694
1082
290
291
955
1251
701
1052
1722
729
331
1124
819
544
244
846
488
398
974
831
242
294
775
755
1156
670
718
1135
445
864
233
559
268
636
686
1113
890
317
616
253
544
1015
296
436
789
286
1151
291
448
292
1035
1074
823
123
966
814
614
704
753
1148
597
567
808
302
680
601
324
930
876
260
728
639
284
2066
833
1036
788
736
289
546
654
710
938
278
1453
234
814
553
687
824
273
455
834
254
872
699
644
280
533
785
352
233
825
546
568
280
856
1015
376
989
704
388
303
1069
1077
1188
2108
356
1165
1232
1049
532
422
777
280
851
919
584
786
857
267
982
1036
642
627
1079
250
323
1042
1074
1156
1471
936
463
830
439
636
1020
1225
1250
242
250
317
1322
1069
939
680
661
1018
780
382
1008
1160
1431
571
545
851
1026
648
759
1163
224
997
1202
1164
1316
589
984
373
709
993
894
324
1367
177
489
239
745
172
308
308
300
305
797
1083
896
577
632
329
842
334
304
866
4047
640
496
1611
656
479
696
348
752
263
1480
310
251
1101
203
963
155
703
922
707
680
793
335
656
316
300
300
486
659
1397
818
286
810
127
415
347
754
800
699
227
291
789
306
844
349
302
311
3591
3141
896
1017
294
358
1200
277
636
279
934
280
321
929
795
753
567
184
317
963
367
332
816
1125
1033
937
300
655
719
1180
121
701
1032
294
527
991
1389
686
332
945
249
969
1151
695
829
303
223
212
227
1698
1058
313
665
267
630
1143
1379
264
569
803
282
695
850
706
1189
1181
566
636
939
1176
328
615
975
990
892
407
503
467
454
157
523
200
749
262
784
1362
675
299
846
768
806
560
871
748
256
275
738
375
1298
512
257
597
299
629
905
526
510
285
328
945
576
259
560
324
371
312
428
324
659
1102
754
274
630
297
619
265
673
631
871
2182
672
779
308
255
321
194
302
3611
168
628
294
884
619
1970
276
674
132
246
354
566
275
579
655
284
641
970
339
558
407
582
457
221
262
3172
180
328
1972
771
424
314
332
625
717
827
592
858
900
370
333
2793
764
654
763
751
320
577
456
789
401
748
822
729
309
1901
177
576
568
311
139
868
663
588
344
526
879
955
389
1170
726
336
640
590
747
895
834
598
1083
319
903
771
907
816
259
1280
1043
361
695
993
339
280
758
439
1088
956
842
805
363
339
1210
590
437
839
591
205
1164
282
994
286
861
519
372
855
347
718
816
323
1043
460
762
751
644
1156
194
378
1081
807
1044
528
649
318
1386
942
543
252
621
1292
626
437
887
800
694
2079
1059
311
556
999
730
562
2100
1903
2218
545
706
259
632
3301
2250
586
238
770
634
342
413
302
851
888
407
491
911
309
269
1211
339
489
427
802
725
886
302
693
830
420
310
370
945
869
284
636
323
368
364
589
363
563
244
712
660
761
1417
2315
712
246
328
756
1012
766
1618
285
657
774
696
586
377
1042
3402
723
734
255
2340
940
197
2294
1928
286
1225
938
978
227
830
386
782
708
327
579
723
238
680
602
1031
357
450
911
775
420
353
263
242
1047
591
183
676
413
556
1054
885
308
974
1007
658
630
846
809
273
416
240
301
265
707
937
307
585
753
752
360
890
868
285
825
358
281
522
646
1056
315
791
430
782
686
705
494
626
462
820
947
714
701
694
473
1207
981
651
1217
290
472
465
219
331
707
736
617
275
308
1077
1014
630
1019
929
1186
330
1032
1223
881
920
592
880
455
1096
972
242
599
1035
939
294
917
258
742
348
759
269
372
568
1181
1062
1226
511
827
1619
409
740
570
531
686
1133
405
1232
1043
231
1747
1175
1016
745
1057
836
792
568
1123
850
587
1238
167
803
669
941
313
519
649
283
579
612
651
689
349
305
1081
300
433
1781
832
986
304
558
891
305
288
738
485
203
860
616
664
924
191
953
1268
1816
299
935
408
595
1123
3632
601
336
714
298
795
1227
431
628
326
1033
282
283
312
1012
3537
863
555
550
876
202
761
286
669
846
286
315
322
274
414
683
908
260
944
878
302
658
1057
574
531
257
1218
1057
1012
1110
254
706
848
630
1175
1007
660
176
1125
713
875
175
512
434
1051
622
929
546
519
956
212
564
267
886
270
288
930
1047
507
778
228
565
746
1013
280
777
409
236
1151
272
793
855
1067
276
420
1201
806
1025
1124
536
1242
680
747
359
294
247
1107
477
858
1017
908
572
945
678
899
1138
827
781
833
1023
290
281
249
585
1128
444
868
815
491
967
508
1025
782
789
529
301
828
800
1041
243
242
1249
933
506
786
257
885
1395
3941
3768
811
4942
118
1104
1105
836
541
799
325
273
291
2124
622
123
1689
775
309
316
1606
854
380
187
268
774
1302
543
775
475
106
906
508
327
249
734
3247
676
400
1752
1220
271
796
1060
222
1429
655
999
360
300
1817
604
2352
699
489
326
754
310
1037
1394
2205
2106
259
628
1168
845
702
695
501
546
318
289
937
294
1057
1209
1191
612
611
366
78
258
263
411
437
267
415
267
748
283
651
905
950
202
278
301
314
417
246
286
828
287
749
954
642
286
862
308
226
264
825
1161
678
581
407
1212
841
886
927
891
373
565
769
1265
952
948
764
878
824
949
431
514
848
849
844
965
591
611
285
253
3744
2281
327
707
282
646
348
212
725
728
310
615
1002
651
335
295
1052
636
958
1108
963
647
635
369
997
1266
302
689
1058
303
954
974
334
618
983
1044
366
704
1024
1206
927
1077
1131
545
299
686
547
297
1035
772
345
571
375
1022
1462
1467
257
725
614
1048
1093
913
591
436
922
1168
1038
966
637
1795
1168
962
81
230
1143
674
1536
523
470
241
746
552
124
227
297
310
206
312
707
643
308
526
560
499
859
638
693
698
1015
1168
1019
759
1264
1544
972
691
727
394
737
305
448
249
722
856
858
1212
267
990
1171
209
9915
295
314
289
758
1206
161
653
269
279
785
1068
187
2331
522
614
330
2690
298
295
663
599
618
328
290
564
216
832
186
261
305
761
888
469
303
625
285
731
808
920
499
751
1517
291
849
1519
794
327
271
826
560
911
355
1030
671
278
576
707
799
969
1643
232
1156
1029
710
642
788
474
814
952
2201
743
725
269
269
270
1034
881
354
1198
236
766
266
201
1120
1038
430
634
1408
880
718
391
766
961
297
233
683
767
1254
241
460
651
307
692
465
1082
1179
478
359
291
593
306
786
222
557
667
811
856
686
1768
1121
218
200
2049
588
330
378
583
663
714
1219
584
366
166
860
916
508
511
1158
1114
318
1070
990
949
1045
463
324
598
445
778
548
1062
974
273
959
1202
1111
300
1053
480
407
315
1048
292
752
898
297
247
836
865
266
327
477
2417
780
763
1082
258
932
786
603
319
570
723
551
820
586
800
531
194
617
274
682
821
781
1111
636
268
861
319
255
600
613
315
299
309
913
2760
854
885
249
519
281
190
739
242
281
335
549
744
443
306
767
778
318
745
233
675
240
302
976
844
336
302
854
719
649
738
277
944
425
924
662
913
817
733
171
181
644
1169
579
908
305
723
1096
1154
579
367
540
233
667
1104
762
944
380
1059
1778
293
1087
1064
548
610
451
485
737
249
935
513
238
527
1086
944
749
1148
1116
1162
583
659
192
555
607
702
641
1117
544
421
645
1038
1316
817
591
876
355
553
611
865
1012
988
1020
623
235
381
640
257
1044
811
537
936
892
776
1072
957
1192
3574
1376
262
985
259
254
1043
20404
366
982
935
872
1320
750
665
315
346
726
2753
744
356
315
571
402
238
436
1137
792
587
737
696
403
579
339
1083
221
366
926
1878
1089
844
987
285
260
3185
359
332
280
283
281
855
445
707
653
342
307
647
1007
240
294
276
1078
954
952
665
259
234
770
220
811
300
877
927
340
668
564
415
985
756
280
920
773
838
231
624
775
329
1524
295
683
312
795
587
899
295
914
757
345
846
333
514
3045
937
580
530
724
2773
1078
2850
940
930
229
638
678
1108
849
1066
307
272
305
355
3234
260
1087
969
1002
881
800
276
493
500
2088
256
564
613
970
701
1004
643
1003
477
204
900
253
214
273
365
1116
400
698
904
1064
2164
430
872
477
552
1035
630
1166
76
1107
292
596
366
1052
674
974
214
307
977
743
660
283
656
639
737
736
683
610
509
1051
931
590
913
2051
2574
493
911
703
701
266
669
943
863
1081
1596
647
479
304
626
830
362
1087
893
1056
211
534
1996
807
1107
747
169
939
1030
